47.44754557291667
143.17234266493057
86.19768012152778
107.43327799479167
92.65964192708333
61.147144097222224
85.608447265625
79.40917534722222
95.36876844618055
26.156821831597224
90.92538628472222
110.08046440972223
110.48058376736111
87.74398003472223
84.80398980034722
105.92462239583334
107.30223958333333
28.94589084201389
104.0209841579861
94.076806640625
93.42498914930556
97.14737413194445
105.15424370659723
30.24224066840278
123.68269314236112
101.80240342881945
80.998349609375
73.96937825520833
123.82841145833333
102.24733289930556
118.19127821180555
51.47369140625
100.55471788194444
75.895673828125
102.52850368923612
102.69664713541667
82.15429578993056
100.15492838541667
120.09508029513889
88.87971462673612
97.751103515625
113.21421657986112
110.38985026041667
108.63896050347222
114.58520941840278
99.21971137152778
106.56468098958334
103.45773763020833
100.889365234375
113.398857421875
71.49585611979167
109.55834418402777
113.36418402777778
82.273134765625
120.14010199652778
115.38064127604167
105.00348090277778
100.15400390625
129.35618489583334
107.2253515625
68.18478841145833
104.96889105902778
108.56615451388889
111.24319444444444
86.96286241319444
114.07371527777778
94.98546440972223
66.90724500868056
87.98635959201388
72.18834635416667
23.621348741319444
104.98770182291666
128.49557508680556
21.542588975694443
105.57044053819445
106.27947374131945
108.43986870659722
18.821610243055556
92.98123155381944
63.160487196180554
82.98980794270834
112.78790798611111
117.27484157986112
78.81750651041666
109.61094401041667
125.21064236111111
141.63564670138888
31.593347439236112
118.75501519097222
91.76589626736111
81.15340277777777
119.85710177951388
91.16088650173612
91.63232530381944
109.51736002604167
101.76960286458333
121.79529296875
46.701937934027775
134.22812825520833
120.04442925347222
74.98040147569445
97.03264431423611
67.17802191840278
112.12238172743055
30.773712022569445
29.11733615451389
82.95746310763889
95.38568576388889
122.60285698784722
92.13392578125
82.83268771701388
144.9205078125
89.46443142361112
87.53314127604166
112.24775716145834
87.13970703125
129.746572265625
122.31007378472222
105.28486979166667
78.10038194444445
122.4824609375
30.127533637152776
70.47257703993056
116.99650065104167
102.8602734375
120.05049913194445
60.14869574652778
95.21762803819445
108.49086154513888
109.83617513020833
105.01177625868056
14.472913411458334
92.95375868055555
113.66180989583333
90.6396310763889
122.33767903645834
23.348522135416665
101.57564127604167
108.87019314236112
85.61547417534722
143.3675021701389
160.75606662326388
92.61409288194444
33.30098524305556
99.31942816840278
102.4440744357639
93.01225802951389
89.91330620659723
20.499799262152777
149.48718098958332
76.41912000868055
123.80891493055556
91.89455295138889
82.89369574652778
124.89567925347222
93.66781901041666
127.2197146267361
97.26513780381944
77.68363064236111
88.03427842881945
125.24836805555556
133.24846788194444
109.901279296875
144.942060546875
124.38801866319444
36.57142578125
114.47110460069445
98.01876953125
98.28854166666666
69.67600477430555
97.45791666666666
126.77745334201389
32.73219943576389
84.31659939236111
120.29232421875
100.36494791666667
89.23553927951389
115.07195421006945
80.05592664930556
60.66835720486111
85.06155924479167
113.05203233506944
117.31224826388889
94.3679665798611
107.43676974826388
107.40967230902778
104.93036241319444
85.11333550347223
90.57085611979167
106.14068901909722
116.740361328125
114.43045355902778
110.89996744791667
87.26953125
49.83978190104167
105.098330078125
114.75013563368056
120.08884657118055
92.33289713541667
118.18120659722223
87.74785807291667
96.63957899305555
114.53097981770833
118.3362771267361
101.83938910590278
136.57740885416666
124.88354817708333
74.33147569444445
108.13498914930555
109.96815972222223
86.30093207465278
85.43193359375
88.87042751736111
65.14322374131945
41.184140625
96.60150607638889
124.09951063368055
108.52816189236111
90.80030815972222
132.09557725694444
151.61265516493054
87.33561957465278
36.08319227430555
116.30698784722222
121.44066514756945
60.88285807291667
91.43106553819445
104.24088324652777
112.0921603732639
40.64619466145833
128.89423828125
142.61024305555554
86.69353190104167
109.978583984375
115.07743381076389
129.22559353298612
125.60884440104167
94.5496484375
81.54872612847223
97.74790907118056
93.55814236111111
56.98447916666667
11.899775390625
115.56970160590278
101.92400716145833
40.884053819444446
127.45732530381945
97.70080078125
101.74184353298611
108.04108940972222
101.6624728732639
112.48075629340278
103.06376519097222
101.28333984375
27.592623697916668
19.605110677083335
115.05361762152778
83.4451638454861
100.84277018229167
49.74909288194444
107.17957899305556
119.03546223958334
82.92133029513889
109.87273980034722
118.20369357638889
60.955577256944444
108.39197916666667
31.786902126736113
87.97260416666667
107.81151801215277
122.50849175347223
91.10972005208333
82.31145616319445
114.17996310763888
38.84810112847222
10.06257052951389
58.99650499131945
105.07711263020833
132.1980978732639
47.81897677951389
92.81619683159722
17.874752604166666
106.42066514756945
81.6763888888889
73.72647352430556
101.72784288194444
104.86084309895833
85.20907009548611
89.34086263020833
85.364755859375
90.07803168402778
107.7599978298611
124.480361328125
102.94184678819444
124.32337022569445
89.825380859375
134.1117523871528
81.35541341145833
87.95027235243056
49.56520073784722
89.99320963541666
92.80564019097223
100.44412434895834
103.73784939236111
123.16364583333333
11.774191623263889
93.57001302083333
102.95368706597222
23.291844618055556
98.18528428819444
116.62981770833333
19.461883680555555
86.711748046875
102.06737738715277
118.25380533854167
88.79792534722222
93.817138671875
48.399033203125
120.80634006076389
14.966559244791666
90.42864474826389
45.890132378472224
83.00735243055556
122.69936197916667
86.22147569444445
105.437265625
24.505245225694445
79.60269422743056
85.24195963541666
102.04940863715278
31.637571614583333
112.53315538194444
104.05345703125
118.36640190972223
75.75103949652778
84.022861328125
81.61595594618055
106.317529296875
117.74207465277777
80.24771701388889
100.68886610243055
81.98906792534723
71.59793728298611
104.02690104166666
113.51973415798611
16.981844618055554
125.57310438368056
142.59054904513889
91.44670030381944
102.05096571180556
84.56546440972222
97.97175889756944
84.01688042534722
131.60974500868056
61.38816189236111
102.70370659722222
91.18013129340278
85.80758897569444
22.671279296875
86.05273980034723
105.205771484375
13.87634765625
93.64933919270834
110.01093858506944
115.01433702256945
76.82521592881945
116.410595703125
113.33821940104167
127.24506401909723
82.64525607638889
116.1688205295139
80.83886284722222
114.20664279513889
83.48459309895833
122.95434461805556
113.13104709201389
29.865101996527777
116.1500998263889
86.58620334201389
101.93912000868056
87.55344509548611
118.98468315972222
21.800559895833334
95.24194552951388
104.52700846354166
16.561167534722223
34.864574652777776
89.3786154513889
65.73208116319445
133.25476345486112
104.58811631944444
99.22628146701389
114.76095486111112
114.14073893229167
124.95061957465278
86.65757161458333
80.85846571180555
89.64164713541666
87.52835394965278
104.85774631076389
105.09705729166667
89.40570963541667
108.91809678819445
92.73246419270833
156.0614767795139
144.92598090277778
151.10412868923612
93.398154296875
153.3757834201389
100.83217556423611
119.721494140625
38.96655381944444
149.79313042534721
106.30512803819444
104.40651258680556
77.15769856770834
113.92461046006945
111.4933962673611
101.26567274305556
70.27256618923612
82.17664822048611
95.19499891493055
111.524326171875
16.649847005208333
100.68440104166666
98.08255967881945
93.44178493923611
95.45457465277778
105.83226671006945
106.74314887152778
111.27727973090278
95.00079644097222
116.39604166666666
139.69552951388889
100.79752061631945
95.93898003472222
114.33862630208333
108.04539930555555
83.38830946180556
116.29145182291667
104.76741536458333
117.57921115451389
101.58414930555556
105.06041341145833
118.74235785590278
83.88027235243055
104.74882269965278
101.4137282986111
133.34960286458335
40.939715711805555
85.87200086805555
112.09536024305555
111.71273546006944
112.55363064236111
118.56271592881944
78.64964192708334
82.14103298611111
86.75307400173611
89.04871527777777
101.91609592013889
88.38951388888889
128.1574468315972
56.57873480902778
98.11233832465278
89.94796657986112
60.106654730902775
94.88322591145834
137.83048936631945
90.06536783854166
101.95734266493055
49.038012152777775
29.125491536458334
107.25073893229167
21.641241319444443
74.92523220486112
84.292099609375
90.82518663194445
85.84063259548611
124.66533094618056
103.11757378472223
120.23755533854167
103.47016927083334
115.94977647569445
73.74067491319444
98.62277777777778
135.74037760416667
110.80646158854167
94.19622938368056
92.45336480034722
94.27433810763888
34.77258138020834
114.809111328125
112.67353624131944
143.6434255642361
114.57105034722223
98.95382595486112
81.28554796006945
100.12111979166667
99.14536675347222
129.78773871527778
103.55143988715278
105.227666015625
97.62599717881945
47.717841796875
122.48907335069444
69.49835720486111
140.74844401041668
81.00595594618055
103.13911675347222
99.56971245659722
34.29826171875
143.68474066840278
85.40761393229167
114.74340060763889
20.857208116319445
138.11939887152778
90.63852647569445
27.505891927083333
101.49768446180556
105.66529730902778
89.75679361979167
120.11510199652778
107.209189453125
14.203570963541667
117.81932834201389
59.14447482638889
100.74288519965278
83.21824652777778
101.47628038194445
18.110347222222224
112.99227322048611
33.55382595486111
98.02567057291667
11.900404730902778
103.05404188368055
103.11884223090277
18.472470703125
120.49720269097222
90.67053059895834
98.140361328125
88.22357313368056
88.21759982638889
107.066484375
153.9959255642361
116.37923719618055
100.00994466145833
91.72840060763889
81.48224283854167
50.72736328125
128.0749045138889
101.01361002604166
103.84789930555556
96.50055121527778
116.79561848958333
30.807890625
108.15306857638889
123.62596896701389
90.42341037326389
83.93627495659722
99.14661349826389
98.99793294270833
109.82523763020833
77.69664930555555
103.85193793402777
102.29172417534723
128.42427408854167
124.50445963541667
109.68739040798611
127.73381401909722
111.86978624131945
92.58431315104167
66.59829210069445
64.14300238715278
99.81906792534723
16.61058051215278
92.60454861111111
37.72172743055555
90.38522026909722
100.3111306423611
19.30447265625
128.962490234375
82.6950857204861
96.94583116319444
100.52645073784723
109.20764105902778
72.06705729166667
113.28101236979167
108.6751736111111
101.92632486979167
95.7491015625
159.89587239583332
85.11315972222222
86.308017578125
118.91601019965277
87.53977430555555
129.39651801215277
93.76219292534722
96.23618272569445
92.14206163194444
84.55321723090277
48.163889973958334
70.27229926215277
104.34200303819445
86.14981662326389
21.234952256944446
114.52124240451388
48.954020182291664
121.2674880642361
56.33255967881944
96.12239366319444
80.55565755208333
93.40053493923611
15.263264973958334
115.30040581597223
99.79871419270833
84.33951605902777
76.35225368923611
121.63517578125
101.48875325520834
97.12020616319444
122.8586252170139
106.24622504340277
102.5209006076389
119.26345920138888
78.40934461805556
89.67164171006945
104.77700086805555
100.39238389756945
100.98027886284723
116.240654296875
104.81055338541667
16.755322265625
127.53509006076389
106.88335720486111
101.22174479166667
97.88746744791666
122.52823567708333
124.98328776041667
15.125387369791667
103.99371961805555
108.43885091145833
108.13805013020833
31.132625868055555
92.11899956597222
44.43214626736111
117.86101128472222
70.234853515625
23.094675564236113
25.734612630208332
103.02701388888889
108.19288953993056
102.74256184895833
109.34505208333333
40.68019856770833
31.582874348958335
100.20206705729167
88.934453125
28.013388671875
13.49400390625
104.79874240451389
102.51349717881945
94.32289171006944
94.879794921875
93.1451681857639
28.25353298611111
96.15492404513888
100.97072699652777
84.947763671875
110.20532769097223
100.549765625
43.56150390625
105.40655490451388
113.01315755208333
103.54584201388889
71.73864149305555
107.69126953125
117.43654947916667
103.64959743923612
31.863840060763888
110.38441948784723
79.87037543402778
110.63773328993055
156.92758463541668
96.58966037326388
101.57303059895834
76.05946506076388
79.73350694444444
95.04457139756944
78.93478624131944
91.96452365451388
108.85763671875
96.80806640625
142.45150607638888
78.05095052083334
69.98199327256944
152.29968641493056
79.65611436631944
148.84671983506945
88.80465711805556
92.40299913194444
104.67976888020833
98.77495008680556
93.52387261284723
22.747291666666666
83.13942057291666
82.85935980902778
101.39807074652778
49.31829535590278
112.83148654513889
70.60178819444444
103.70920355902778
84.98355685763889
100.61953125
88.02139214409722
104.42366536458333
85.17729166666666
17.67898220486111
80.03470377604167
78.87254557291666
82.83702365451389
